%YAML:1.0
calibration_time: "Wed Nov 30 18:32:28 2016"
nframes: 12
image_width: 376
image_height: 240
board_width: 11
board_height: 8
square_size: 7.0000000298023224e-02
flags: 0
camera_matrix: !!opencv-matrix
   rows: 3
   cols: 3
   dt: d
   data: [ 2.1151080175271107e+02, 0., 1.8733987496119158e+02, 0.,
       2.1153517044967384e+02, 1.1305966072882885e+02, 0., 0., 1. ]
distortion_coefficients: !!opencv-matrix
   rows: 5
   cols: 1
   dt: d
   data: [ -2.9313970213557328e-01, 8.3492702251476064e-02,
       7.7111532756202300e-05, -3.0353480891161185e-04,
       0. ]
avg_reprojection_error: 1.2096028062029638e+00
per_view_reprojection_errors: !!opencv-matrix
   rows: 12
   cols: 1
   dt: f
   data: [ 6.71027124e-01, 1.43297064e+00, 8.04526091e-01,
       2.95788527e+00, 1.21152174e+00, 9.75432158e-01, 9.76699054e-01,
       6.58965170e-01, 7.34214127e-01, 6.70935810e-01, 6.39082909e-01,
       6.72723174e-01 ]
# a set of 6-tuples (rotation vector + translation vector) for each view
extrinsic_parameters: !!opencv-matrix
   rows: 12
   cols: 6
   dt: d
   data: [ 9.3857173733279772e-02, 3.2646332899144415e-01,
       -1.6058982028041271e+00, -1.7971832057399714e-01,
       4.2297669245518799e-01, 7.0599445889525470e-01,
       1.9087987590113453e-01, 1.8574167641031034e-01,
       -1.6723299316444726e+00, -2.6185870370214320e-01,
       4.4960171412991962e-01, 7.8206683762064277e-01,
       7.0546825512386654e-02, 3.5718950563501256e-01,
       -1.6505348810543115e+00, -7.4081122015194262e-02,
       4.0240146437757690e-01, 7.8805074095991212e-01,
       2.7769494220953495e-01, 9.1305520920005601e-02,
       -2.1586465705388456e+00, -8.3250028063555064e-03,
       4.3358895449101176e-01, 1.0546585287073518e+00,
       -5.3996617705112049e-02, -8.5111148559388380e-02,
       -2.0244518420350781e+00, -1.2314651902754999e-02,
       4.4614225039209671e-01, 8.4888858729408267e-01,
       2.4172511692142927e-02, -7.0706675976402358e-02,
       -2.0322408584308489e+00, -9.3627335908482545e-02,
       3.7670292899766711e-01, 8.8681171711804518e-01,
       2.0423380087120202e-01, -1.8497613716360606e-01,
       -8.4114817703340061e-01, -6.5119150617222865e-01,
       1.4597090432843821e-01, 7.7537178504234994e-01,
       1.3739826911207137e-01, -1.8309763916077176e-01,
       -1.6737353201893815e-01, -6.0929650117070011e-01,
       -2.8443117620630154e-01, 7.8349607833140655e-01,
       1.4429178005102500e-01, -3.7937029446831966e-01,
       -2.7456630293503015e-01, -6.8811637698455985e-01,
       -1.7918809630764562e-01, 6.5820765315858210e-01,
       1.0759996739085906e-01, -2.7395383108114696e-01,
       -3.1690260449740176e-01, -6.8630732517391413e-01,
       -1.0344869313827919e-01, 6.0808078168182444e-01,
       1.0610156265148100e-01, -1.1745750870349558e-01,
       -1.6788128391935228e-01, -6.6035363391467738e-01,
       -2.1072671859615916e-01, 6.1812668020906736e-01,
       1.4280014996163001e-01, -1.3272407621375223e-01,
       -2.5502737983865646e-02, -6.4766565741748983e-01,
       -3.1761844193349920e-01, 5.9289089249521632e-01 ]
image_points: !!opencv-matrix
   rows: 12
   cols: 88
   dt: "2f"
   data: [ 1.42290421e+02, 2.28368256e+02, 1.39208572e+02,
       2.16962402e+02, 1.34207642e+02, 1.96423981e+02, 1.30439575e+02,
       1.79862091e+02, 1.26536285e+02, 1.61381744e+02, 1.22744400e+02,
       1.41384384e+02, 1.19073456e+02, 1.19480179e+02, 1.15734695e+02,
       9.64074402e+01, 1.12781761e+02, 7.25168228e+01, 1.10504951e+02,
       4.83549347e+01, 1.08695663e+02, 2.45252419e+01, 1.58836334e+02,
       2.27005493e+02, 1.56147293e+02, 2.13547699e+02, 1.53270401e+02,
       1.98334274e+02, 1.50069672e+02, 1.81306900e+02, 1.46951157e+02,
       1.62516006e+02, 1.43637451e+02, 1.41541489e+02, 1.40556427e+02,
       1.19187874e+02, 1.37555359e+02, 9.51180420e+01, 1.34921738e+02,
       7.01534653e+01, 1.32625961e+02, 4.49434967e+01, 1.30914825e+02,
       2.02198315e+01, 1.77287247e+02, 2.28499451e+02, 1.75434616e+02,
       2.15123474e+02, 1.73321442e+02, 1.99634171e+02, 1.71194656e+02,
       1.82533554e+02, 1.68755615e+02, 1.63332275e+02, 1.66355316e+02,
       1.41736816e+02, 1.63840363e+02, 1.18516273e+02, 1.61452927e+02,
       9.37114334e+01, 1.59072403e+02, 6.79843826e+01, 1.57011337e+02,
       4.18814354e+01, 1.55163788e+02, 1.63344479e+01, 1.96430588e+02,
       2.29641541e+02, 1.95352402e+02, 2.16024673e+02, 1.94361282e+02,
       2.00598862e+02, 1.93250397e+02, 1.83341980e+02, 1.91814346e+02,
       1.63576096e+02, 1.90340790e+02, 1.41675995e+02, 1.88687576e+02,
       1.18196861e+02, 1.86828476e+02, 9.24835434e+01, 1.85070755e+02,
       6.61408310e+01, 1.83119095e+02, 3.93529739e+01, 1.81344604e+02,
       1.31554680e+01, 2.15752960e+02, 2.30473862e+02, 2.16034851e+02,
       2.16563721e+02, 2.15972107e+02, 2.01056686e+02, 2.15960815e+02,
       1.83523087e+02, 2.15630432e+02, 1.63556259e+02, 2.15355789e+02,
       1.41536880e+02, 2.14501450e+02, 1.17477402e+02, 2.13488419e+02,
       9.15341568e+01, 2.12091568e+02, 6.45286942e+01, 2.10489014e+02,
       3.74744987e+01, 2.08399673e+02, 1.07792540e+01, 2.35452927e+02,
       2.30452637e+02, 2.36582718e+02, 2.16493225e+02, 2.37805252e+02,
       2.00678772e+02, 2.38795227e+02, 1.83291367e+02, 2.39729752e+02,
       1.63385178e+02, 2.40367828e+02, 1.41143356e+02, 2.40561554e+02,
       1.16690559e+02, 2.40338196e+02, 9.05886078e+01, 2.39528061e+02,
       6.36084442e+01, 2.38057678e+02, 3.64145012e+01, 2.36109268e+02,
       9.49264717e+00, 2.54797256e+02, 2.29625351e+02, 2.57178070e+02,
       2.15663986e+02, 2.59309662e+02, 2.00090637e+02, 2.61412201e+02,
       1.82393387e+02, 2.63337738e+02, 1.62515671e+02, 2.64955994e+02,
       1.40400284e+02, 2.66068817e+02, 1.16212357e+02, 2.66579590e+02,
       9.03136215e+01, 2.66278046e+02, 6.33825760e+01, 2.65171936e+02,
       3.60920029e+01, 2.63064880e+02, 9.42665291e+00, 2.73901215e+02,
       2.28234634e+02, 2.76911713e+02, 2.14460281e+02, 2.80163239e+02,
       1.98631653e+02, 2.83196625e+02, 1.81077713e+02, 2.86041687e+02,
       1.61189529e+02, 2.88519012e+02, 1.39382965e+02, 2.90436035e+02,
       1.15437492e+02, 2.91506134e+02, 8.96623917e+01, 2.91709320e+02,
       6.33844872e+01, 2.90789764e+02, 3.64606514e+01, 2.89036041e+02,
       1.03165998e+01, 1.27960220e+02, 2.22687088e+02, 1.24064713e+02,
       2.12204102e+02, 1.18258087e+02, 1.93249817e+02, 1.13796471e+02,
       1.78388336e+02, 1.09326218e+02, 1.62165085e+02, 1.04871719e+02,
       1.44716934e+02, 1.00574554e+02, 1.26221420e+02, 9.65823364e+01,
       1.06641190e+02, 9.29226837e+01, 8.65223770e+01, 8.97632980e+01,
       6.59320679e+01, 8.72319107e+01, 4.55232315e+01, 1.42785019e+02,
       2.20322479e+02, 1.38971085e+02, 2.06846176e+02, 1.35102890e+02,
       1.92703964e+02, 1.31073547e+02, 1.77571381e+02, 1.27077034e+02,
       1.61121918e+02, 1.22951965e+02, 1.43296143e+02, 1.19115265e+02,
       1.24268883e+02, 1.15283318e+02, 1.04195641e+02, 1.11825714e+02,
       8.34832535e+01, 1.08731140e+02, 6.24327545e+01, 1.06272011e+02,
       4.14296951e+01, 1.59729721e+02, 2.21275833e+02, 1.55848129e+02,
       2.05878296e+02, 1.52545959e+02, 1.91790344e+02, 1.49209427e+02,
       1.76488113e+02, 1.45613129e+02, 1.59686020e+02, 1.42162582e+02,
       1.41559616e+02, 1.38571701e+02, 1.22202469e+02, 1.35226349e+02,
       1.01662193e+02, 1.31964279e+02, 8.05087204e+01, 1.29114151e+02,
       5.89858932e+01, 1.26480644e+02, 3.75796051e+01, 1.75774918e+02,
       2.19125015e+02, 1.73219513e+02, 2.04711075e+02, 1.70612244e+02,
       1.90576874e+02, 1.67921692e+02, 1.75055634e+02, 1.65076950e+02,
       1.58096024e+02, 1.62008972e+02, 1.39635117e+02, 1.59114807e+02,
       1.19959396e+02, 1.56047318e+02, 9.91828613e+01, 1.53234940e+02,
       7.76481171e+01, 1.50405167e+02, 5.57930222e+01, 1.47912415e+02,
       3.41552429e+01, 1.93154877e+02, 2.18348557e+02, 1.90994675e+02,
       2.03349564e+02, 1.89105743e+02, 1.88840103e+02, 1.87092087e+02,
