%YAML:1.0
aruco_bc_nmarkers: 432
aruco_bc_mInfoType: 0
aruco_bc_markers:
   - { id:717, corners:[ [ -10700., -14300., 0. ], [ -9700., -14300., 0. ],
       [ -9700., -13300., 0. ], [ -10700., -13300., 0. ] ] }
   - { id:426, corners:[ [ -9500., -14300., 0. ], [ -8500., -14300., 0. ],
       [ -8500., -13300., 0. ], [ -9500., -13300., 0. ] ] }
   - { id:850, corners:[ [ -8300., -14300., 0. ], [ -7300., -14300., 0. ],
       [ -7300., -13300., 0. ], [ -8300., -13300., 0. ] ] }
   - { id:561, corners:[ [ -7100., -14300., 0. ], [ -6100., -14300., 0. ],
       [ -6100., -13300., 0. ], [ -7100., -13300., 0. ] ] }
   - { id:332, corners:[ [ -5900., -14300., 0. ], [ -4900., -14300., 0. ],
       [ -4900., -13300., 0. ], [ -5900., -13300., 0. ] ] }
   - { id:626, corners:[ [ -4700., -14300., 0. ], [ -3700., -14300., 0. ],
       [ -3700., -13300., 0. ], [ -4700., -13300., 0. ] ] }
   - { id:340, corners:[ [ -3500., -14300., 0. ], [ -2500., -14300., 0. ],
       [ -2500., -13300., 0. ], [ -3500., -13300., 0. ] ] }
   - { id:116, corners:[ [ -2300., -14300., 0. ], [ -1300., -14300., 0. ],
       [ -1300., -13300., 0. ], [ -2300., -13300., 0. ] ] }
   - { id:842, corners:[ [ -1100., -14300., 0. ], [ -100., -14300., 0. ],
       [ -100., -13300., 0. ], [ -1100., -13300., 0. ] ] }
   - { id:9, corners:[ [ 100., -14300., 0. ], [ 1100., -14300., 0. ], [
       1100., -13300., 0. ], [ 100., -13300., 0. ] ] }
   - { id:11, corners:[ [ 1300., -14300., 0. ], [ 2300., -14300., 0. ],
       [ 2300., -13300., 0. ], [ 1300., -13300., 0. ] ] }
   - { id:7, corners:[ [ 2500., -14300., 0. ], [ 3500., -14300., 0. ], [
       3500., -13300., 0. ], [ 2500., -13300., 0. ] ] }
   - { id:604, corners:[ [ 3700., -14300., 0. ], [ 4700., -14300., 0. ],
       [ 4700., -13300., 0. ], [ 3700., -13300., 0. ] ] }
   - { id:45, corners:[ [ 4900., -14300., 0. ], [ 5900., -14300., 0. ],
       [ 5900., -13300., 0. ], [ 4900., -13300., 0. ] ] }
   - { id:210, corners:[ [ 6100., -14300., 0. ], [ 7100., -14300., 0. ],
       [ 7100., -13300., 0. ], [ 6100., -13300., 0. ] ] }
   - { id:290, corners:[ [ 7300., -14300., 0. ], [ 8300., -14300., 0. ],
       [ 8300., -13300., 0. ], [ 7300., -13300., 0. ] ] }
   - { id:514, corners:[ [ 8500., -14300., 0. ], [ 9500., -14300., 0. ],
       [ 9500., -13300., 0. ], [ 8500., -13300., 0. ] ] }
   - { id:516, corners:[ [ 9700., -14300., 0. ], [ 10700., -14300., 0. ],
       [ 10700., -13300., 0. ], [ 9700., -13300., 0. ] ] }
   - { id:377, corners:[ [ -10700., -13100., 0. ], [ -9700., -13100., 0. ],
       [ -9700., -12100., 0. ], [ -10700., -12100., 0. ] ] }
   - { id:204, corners:[ [ -9500., -13100., 0. ], [ -8500., -13100., 0. ],
       [ -8500., -12100., 0. ], [ -9500., -12100., 0. ] ] }
   - { id:342, corners:[ [ -8300., -13100., 0. ], [ -7300., -13100., 0. ],
       [ -7300., -12100., 0. ], [ -8300., -12100., 0. ] ] }
   - { id:600, corners:[ [ -7100., -13100., 0. ], [ -6100., -13100., 0. ],
       [ -6100., -12100., 0. ], [ -7100., -12100., 0. ] ] }
   - { id:664, corners:[ [ -5900., -13100., 0. ], [ -4900., -13100., 0. ],
       [ -4900., -12100., 0. ], [ -5900., -12100., 0. ] ] }
   - { id:476, corners:[ [ -4700., -13100., 0. ], [ -3700., -13100., 0. ],
       [ -3700., -12100., 0. ], [ -4700., -12100., 0. ] ] }
   - { id:920, corners:[ [ -3500., -13100., 0. ], [ -2500., -13100., 0. ],
       [ -2500., -12100., 0. ], [ -3500., -12100., 0. ] ] }
   - { id:894, corners:[ [ -2300., -13100., 0. ], [ -1300., -13100., 0. ],
       [ -1300., -12100., 0. ], [ -2300., -12100., 0. ] ] }
   - { id:786, corners:[ [ -1100., -13100., 0. ], [ -100., -13100., 0. ],
       [ -100., -12100., 0. ], [ -1100., -12100., 0. ] ] }
   - { id:937, corners:[ [ 100., -13100., 0. ], [ 1100., -13100., 0. ],
       [ 1100., -12100., 0. ], [ 100., -12100., 0. ] ] }
   - { id:106, corners:[ [ 1300., -13100., 0. ], [ 2300., -13100., 0. ],
       [ 2300., -12100., 0. ], [ 1300., -12100., 0. ] ] }
   - { id:772, corners:[ [ 2500., -13100., 0. ], [ 3500., -13100., 0. ],
       [ 3500., -12100., 0. ], [ 2500., -12100., 0. ] ] }
   - { id:50, corners:[ [ 3700., -13100., 0. ], [ 4700., -13100., 0. ],
       [ 4700., -12100., 0. ], [ 3700., -12100., 0. ] ] }
   - { id:961, corners:[ [ 4900., -13100., 0. ], [ 5900., -13100., 0. ],
       [ 5900., -12100., 0. ], [ 4900., -12100., 0. ] ] }
   - { id:305, corners:[ [ 6100., -13100., 0. ], [ 7100., -13100., 0. ],
       [ 7100., -12100., 0. ], [ 6100., -12100., 0. ] ] }
   - { id:674, corners:[ [ 7300., -13100., 0. ], [ 8300., -13100., 0. ],
       [ 8300., -12100., 0. ], [ 7300., -12100., 0. ] ] }
   - { id:244, corners:[ [ 8500., -13100., 0. ], [ 9500., -13100., 0. ],
       [ 9500., -12100., 0. ], [ 8500., -12100., 0. ] ] }
   - { id:191, corners:[ [ 9700., -13100., 0. ], [ 10700., -13100., 0. ],
       [ 10700., -12100., 0. ], [ 9700., -12100., 0. ] ] }
   - { id:536, corners:[ [ -10700., -11900., 0. ], [ -9700., -11900., 0. ],
       [ -9700., -10900., 0. ], [ -10700., -10900., 0. ] ] }
   - { id:953, corners:[ [ -9500., -11900., 0. ], [ -8500., -11900., 0. ],
       [ -8500., -10900., 0. ], [ -9500., -10900., 0. ] ] }
   - { id:336, corners:[ [ -8300., -11900., 0. ], [ -7300., -11900., 0. ],
       [ -7300., -10900., 0. ], [ -8300., -10900., 0. ] ] }
   - { id:917, corners:[ [ -7100., -11900., 0. ], [ -6100., -11900., 0. ],
       [ -6100., -10900., 0. ], [ -7100., -10900., 0. ] ] }
   - { id:317, corners:[ [ -5900., -11900., 0. ], [ -4900., -11900., 0. ],
       [ -4900., -10900., 0. ], [ -5900., -10900., 0. ] ] }
   - { id:46, corners:[ [ -4700., -11900., 0. ], [ -3700., -11900., 0. ],
       [ -3700., -10900., 0. ], [ -4700., -10900., 0. ] ] }
   - { id:605, corners:[ [ -3500., -11900., 0. ], [ -2500., -11900., 0. ],
       [ -2500., -10900., 0. ], [ -3500., -10900., 0. ] ] }
   - { id:808, corners:[ [ -2300., -11900., 0. ], [ -1300., -11900., 0. ],
       [ -1300., -10900., 0. ], [ -2300., -10900., 0. ] ] }
   - { id:820, corners:[ [ -1100., -11900., 0. ], [ -100., -11900., 0. ],
       [ -100., -10900., 0. ], [ -1100., -10900., 0. ] ] }
   - { id:371, corners:[ [ 100., -11900., 0. ], [ 1100., -11900., 0. ],
       [ 1100., -10900., 0. ], [ 100., -10900., 0. ] ] }
   - { id:353, corners:[ [ 1300., -11900., 0. ], [ 2300., -11900., 0. ],
       [ 2300., -10900., 0. ], [ 1300., -10900., 0. ] ] }
   - { id:449, corners:[ [ 2500., -11900., 0. ], [ 3500., -11900., 0. ],
       [ 3500., -10900., 0. ], [ 2500., -10900., 0. ] ] }
   - { id:85, corners:[ [ 3700., -11900., 0. ], [ 4700., -11900., 0. ],
       [ 4700., -10900., 0. ], [ 3700., -10900., 0. ] ] }
   - { id:813, corners:[ [ 4900., -11900., 0. ], [ 5900., -11900., 0. ],
       [ 5900., -10900., 0. ], [ 4900., -10900., 0. ] ] }
   - { id:658, corners:[ [ 6100., -11900., 0. ], [ 7100., -11900., 0. ],
       [ 7100., -10900., 0. ], [ 6100., -10900., 0. ] ] }
   - { id:227, corners:[ [ 7300., -11900., 0. ], [ 8300., -11900., 0. ],
       [ 8300., -10900., 0. ], [ 7300., -10900., 0. ] ] }
   - { id:908, corners:[ [ 8500., -11900., 0. ], [ 9500., -11900., 0. ],
       [ 9500., -10900., 0. ], [ 8500., -10900., 0. ] ] }
   - { id:943, corners:[ [ 9700., -11900., 0. ], [ 10700., -11900., 0. ],
       [ 10700., -10900., 0. ], [ 9700., -10900., 0. ] ] }
   - { id:299, corners:[ [ -10700., -10700., 0. ], [ -9700., -10700., 0. ],
       [ -9700., -9700., 0. ], [ -10700., -9700., 0. ] ] }
   - { id:852, corners:[ [ -9500., -10700., 0. ], [ -8500., -10700., 0. ],
       [ -8500., -9700., 0. ], [ -9500., -9700., 0. ] ] }
   - { id:482, corners:[ [ -8300., -10700., 0. ], [ -7300., -10700., 0. ],
       [ -7300., -9700., 0. ], [ -8300., -9700., 0. ] ] }
   - { id:848, corners:[ [ -7100., -10700., 0. ], [ -6100., -10700., 0. ],
       [ -6100., -9700., 0. ], [ -7100., -9700., 0. ] ] }
   - { id:433, corners:[ [ -5900., -10700., 0. ], [ -4900., -10700., 0. ],
       [ -4900., -9700., 0. ], [ -5900., -9700., 0. ] ] }
   - { id:641, corners:[ [ -4700., -10700., 0. ], [ -3700., -10700., 0. ],
