# oST version 5.0 parameters


[image]

width
376

height
240

[narrow_stereo]

camera matrix
211.652331 0.000000 187.863417
0.000000 211.669139 113.303895
0.000000 0.000000 1.000000

distortion
-0.280873 0.070312 -0.000152 -0.000710 0.000000

rectification
1.000000 0.000000 0.000000
0.000000 1.000000 0.000000
0.000000 0.000000 1.000000

projection
156.704453 0.000000 186.387408 0.000000
0.000000 189.316620 111.137773 0.000000
0.000000 0.000000 1.000000 0.000000

